  	++	+-	-+	--
++	0.16	0.36	0.14	0.34
+-	0.76	0.13	0.00	0.11
-+	0.24	0.00	0.21	0.55
--	0.34	0.01	0.00	0.64
					134, 58, 24, 182 (3.9888)

  	++	+-	-+	--
++	0.21	0.35	0.21	0.23
+-	0.50	0.13	0.00	0.37
-+	0.47	0.00	0.01	0.53
--	0.33	0.02	0.00	0.65
					129, 56, 27, 185 (4.7801)

  	++	+-	-+	--
++	0.32	0.34	0.14	0.19
+-	0.74	0.06	0.00	0.20
-+	0.26	0.00	0.07	0.67
--	0.24	0.04	0.00	0.72
					136, 58, 21, 184 (4.6652)

  	++	+-	-+	--
++	0.21	0.31	0.17	0.30
+-	0.78	0.02	0.00	0.20
-+	0.18	0.22	0.00	0.60
--	0.30	0.04	0.00	0.66
					132, 54, 23, 189 (3.8848)

  	++	+-	-+	--
++	0.13	0.37	0.14	0.36
+-	0.88	0.09	0.00	0.03
-+	0.21	0.00	0.27	0.52
--	0.31	0.02	0.00	0.67
					130, 56, 25, 186 (2.7212)

  	++	+-	-+	--
++	0.04	0.41	0.14	0.41
+-	0.51	0.08	0.00	0.40
-+	0.42	0.00	0.12	0.46
--	0.46	0.00	0.01	0.53
					130, 58, 22, 187 (3.4742)

  	++	+-	-+	--
++	0.24	0.39	0.20	0.17
+-	0.87	0.05	0.00	0.07
-+	0.12	0.00	0.07	0.81
--	0.26	0.02	0.00	0.73
					131, 56, 28, 183 (4.8569)

  	++	+-	-+	--
++	0.29	0.32	0.16	0.23
+-	0.51	0.08	0.00	0.40
-+	0.10	0.00	0.07	0.84
--	0.36	0.04	0.00	0.60
					135, 53, 23, 186 (4.2793)