EVOLVED TRANSITION RULES

Target distribution			133, 57, 24, 186 (0.00)


Merton's table
  	++	+-	-+	--
++	0.50	0.20	0.10	0.20
+-	0.30	0.20	0.00	0.50
-+	0.50	0.00	0.40	0.10
--	0.20	0.10	0.00	0.70
					132, 58, 22, 188 (1.41)

0.3325	0.1425	0.06	0.465	# target /400
0.33	0.145	0.055	0.47    # merton's table
0.335	0.14	0.06	0.465


Alternative tables

  	++	+-	-+	--
++	0.12	0.02	0.03	0.83
+-	0.00	0.60	0.12	0.27
-+	0.01	0.33	0.08	0.58
--	0.63	0.06	0.06	0.25
					134, 56, 24, 186 (0.00)



  	++	+-	-+	--
++	0.03	0.02	0.04	0.92
+-	0.59	0.19	0.19	0.03
-+	0.01	0.58	0.08	0.33
--	0.51	0.17	0.03	0.30
					132, 58, 24, 186 (1.41)

  	++	+-	-+	--
++	0.00	0.18	0.05	0.77
+-	0.05	0.10	0.01	0.84
-+	0.06	0.19	0.01	0.75
--	0.70	0.13	0.08	0.10
					133, 58, 23, 186 (1.41)

  	++	+-	-+	--
++	0.01	0.07	0.06	0.85
+-	0.45	0.04	0.18	0.33
-+	0.10	0.14	0.01	0.75
--	0.55	0.22	0.03	0.20
					132, 56, 24, 188 (1.41)

  	++	+-	-+	--
++	0.19	0.07	0.01	0.74
+-	0.00	0.14	0.12	0.74
-+	0.01	0.20	0.08	0.71
--	0.59	0.19	0.07	0.15
					134, 58, 23, 185 (1.41)

  	++	+-	-+	--
++	0.08	0.14	0.02	0.76
+-	0.09	0.53	0.37	0.01
-+	0.30	0.19	0.03	0.49
--	0.58	0.02	0.00	0.40
					131, 57, 25, 187 (1.41)

  	++	+-	-+	--
++	0.07	0.01	0.06	0.86
+-	0.85	0.04	0.09	0.02
-+	0.26	0.18	0.10	0.45
--	0.37	0.26	0.05	0.32
					133, 57, 24, 186 (0.00)

  	++	+-	-+	--
++	0.11	0.00	0.15	0.74
+-	0.63	0.07	0.05	0.25
-+	0.04	0.20	0.02	0.74
--	0.45	0.25	0.00	0.30
					134, 56, 24, 186 (1.41)

  	++	+-	-+	--
++	0.11	0.13	0.00	0.76
+-	0.69	0.03	0.13	0.14
-+	0.06	0.26	0.08	0.61
--	0.41	0.17	0.07	0.35
					131, 56, 24, 189 (1.41)

  	++	+-	-+	--
++	0.07	0.03	0.01	0.89
+-	0.33	0.13	0.18	0.35
-+	0.10	0.76	0.02	0.13
--	0.56	0.14	0.06	0.25
					134, 56, 24, 186 (1.41)

